Acc X | Acc Y | Acc Z | Mag X | Mag Y | Mag Z | Timestamp | Delta T
0.838257  3.623665  18.879938  -58.172264  -119.173439  -29.166992  1651181184.000000  49
0.780776  3.599714  18.851198  -57.172264  -119.173439  -31.166992  1651181184.000000  49
0.857417  3.585344  18.927839  -56.172264  -118.173439  -33.166992  1651181184.000000  49
0.807122  3.640430  18.879938  -57.172264  -119.173439  -31.166992  1651181184.000000  49
0.831072  3.602109  18.939814  -55.172264  -118.173439  -32.166992  1651181184.000000  49
0.814307  3.599714  18.915865  -57.172264  -119.173439  -31.166992  1651181184.000000  49
0.835862  3.602109  18.913469  -55.172264  -119.173439  -32.166992  1651181184.000000  49
0.852627  3.592529  18.918259  -56.172264  -117.173439  -31.166992  1651181184.000000  49
0.809517  3.599714  18.911074  -54.172264  -118.173439  -30.166992  1651181184.000000  49
0.838257  3.585344  18.911074  -56.172264  -116.173439  -31.166992  1651181184.000000  49
0.864602  3.590134  18.906284  -55.172264  -119.173439  -31.166992  1651181184.000000  49
0.814307  3.594924  18.865568  -59.172264  -119.173439  -31.166992  1651181184.000000  49
0.797541  3.587739  18.858383  -54.172264  -120.173439  -31.166992  1651181184.000000  49
0.804727  3.611690  18.946999  -56.172264  -121.173439  -31.166992  1651181184.000000  49
0.790356  3.592529  18.879938  -56.172264  -118.173439  -32.166992  1651181184.000000  49
0.838257  3.578159  18.963764  -56.172264  -118.173439  -33.166992  1651181184.000000  49
0.835862  3.599714  18.903889  -57.172264  -119.173439  -33.166992  1651181184.000000  49
0.821492  3.623665  18.894310  -56.172264  -119.173439  -32.166992  1651181184.000000  49
0.787961  3.597319  18.891914  -57.172264  -119.173439  -31.166992  1651181184.000000  49
0.831072  3.626060  18.844013  -55.172264  -118.173439  -32.166992  1651181184.000000  49
0.855022  3.611690  18.918259  -55.172264  -118.173439  -32.166992  1651181184.000000  49
0.843047  3.599714  18.887123  -54.172264  -120.173439  -32.166992  1651181184.000000  49
0.859812  3.568579  18.932629  -56.172264  -120.173439  -31.166992  1651181184.000000  49
0.799937  3.628455  18.937420  -57.172264  -120.173439  -32.166992  1651181184.000000  49
0.828677  3.554209  18.901495  -58.172264  -119.173439  -33.166992  1651181184.000000  49
0.838257  3.563789  18.930235  -57.172264  -117.173439  -33.166992  1651181184.000000  49
0.821492  3.647615  18.889519  -56.172264  -119.173439  -33.166992  1651181184.000000  49
0.833467  3.573369  18.982925  -55.172264  -119.173439  -32.166992  1651181184.000000  49
0.807122  3.582949  18.939814  -56.172264  -118.173439  -31.166992  1651181184.000000  49
0.780776  3.573369  18.997295  -57.172264  -120.173439  -30.166992  1651181184.000000  49
0.816702  3.609294  18.908680  -57.172264  -120.173439  -32.166992  1651181184.000000  49
0.802332  3.618875  18.923050  -55.172264  -117.173439  -31.166992  1651181184.000000  49
0.823887  3.566184  18.896704  -57.172264  -120.173439  -32.166992  1651181184.000000  49
0.838257  3.618875  18.853594  -56.172264  -120.173439  -30.166992  1651181184.000000  49
0.855022  3.609294  18.935024  -56.172264  -118.173439  -32.166992  1651181184.000000  49
0.852627  3.590134  18.930235  -56.172264  -119.173439  -31.166992  1651181184.000000  49
0.862207  3.578159  18.894310  -55.172264  -119.173439  -31.166992  1651181184.000000  49
0.843047  3.590134  18.875149  -54.172264  -119.173439  -29.166992  1651181184.000000  49
0.821492  3.580554  18.894310  -56.172264  -119.173439  -34.166992  1651181184.000000  49
0.843047  3.585344  18.949394  -55.172264  -118.173439  -33.166992  1651181184.000000  49
0.814307  3.597319  18.946999  -56.172264  -118.173439  -32.166992  1651181184.000000  49
0.833467  3.599714  18.884729  -58.172264  -119.173439  -34.166992  1651181184.000000  49
0.862207  3.606899  18.894310  -54.172264  -119.173439  -31.166992  1651181184.000000  49
0.847837  3.618875  18.889519  -56.172264  -118.173439  -33.166992  1651181184.000000  49
0.835862  3.616479  18.887123  -55.172264  -119.173439  -34.166992  1651181184.000000  49
0.855022  3.597319  18.903889  -58.172264  -120.173439  -34.166992  1651181184.000000  49
0.792751  3.611690  18.920654  -56.172264  -118.173439  -34.166992  1651181184.000000  49
0.797541  3.568579  18.942209  -55.172264  -118.173439  -34.166992  1651181184.000000  49
0.847837  3.563789  18.915865  -57.172264  -121.173439  -31.166992  1651181184.000000  49
0.783171  3.640430  18.896704  -54.172264  -118.173439  -33.166992  1651181184.000000  49
0.783171  3.630850  18.896704  -55.172264  -120.173439  -32.166992  1651181184.000000  49
0.864602  3.599714  18.884729  -58.172264  -119.173439  -33.166992  1651181184.000000  49
0.843047  3.580554  18.956579  -56.172264  -118.173439  -32.166992  1651181184.000000  49
0.809517  3.623665  18.944605  -56.172264  -120.173439  -30.166992  1651181184.000000  49
0.804727  3.602109  18.956579  -55.172264  -119.173439  -30.166992  1651181184.000000  49
0.811912  3.604504  18.887123  -57.172264  -117.173439  -32.166992  1651181184.000000  49
0.866997  3.592529  18.882334  -57.172264  -118.173439  -32.166992  1651181184.000000  49
0.847837  3.544629  18.884729  -56.172264  -118.173439  -33.166992  1651181184.000000  49
0.857417  3.604504  18.889519  -57.172264  -118.173439  -31.166992  1651181184.000000  49
0.838257  3.604504  18.901495  -55.172264  -118.173439  -31.166992  1651181184.000000  49
0.826282  3.609294  18.867964  -56.172264  -120.173439  -32.166992  1651181184.000000  49
0.845442  3.614084  18.903889  -57.172264  -119.173439  -33.166992  1651181184.000000  49
0.783171  3.602109  18.939814  -55.172264  -119.173439  -30.166992  1651181184.000000  49
0.766406  3.606899  18.872753  -56.172264  -118.173439  -32.166992  1651181184.000000  49
0.835862  3.609294  18.963764  -57.172264  -118.173439  -31.166992  1651181184.000000  49
0.862207  3.580554  18.954185  -56.172264  -117.173439  -31.166992  1651181184.000000  49
0.835862  3.626060  18.942209  -57.172264  -120.173439  -30.166992  1651181184.000000  49
0.843047  3.585344  18.915865  -56.172264  -120.173439  -31.166992  1651181184.000000  49
0.895737  3.573369  18.848804  -57.172264  -120.173439  -31.166992  1651181184.000000  49
0.807122  3.585344  18.920654  -57.172264  -120.173439  -30.166992  1651181184.000000  49
0.864602  3.573369  18.944605  -57.172264  -119.173439  -33.166992  1651181184.000000  49
0.819097  3.626060  18.913469  -56.172264  -119.173439  -33.166992  1651181184.000000  49
0.843047  3.618875  18.915865  -55.172264  -116.173439  -31.166992  1651181184.000000  49
0.814307  3.594924  18.877544  -57.172264  -120.173439  -32.166992  1651181184.000000  49
0.831072  3.621269  18.901495  -57.172264  -118.173439  -31.166992  1651181184.000000  49
0.840652  3.590134  18.930235  -57.172264  -118.173439  -32.166992  1651181184.000000  49
0.838257  3.614084  18.949394  -55.172264  -119.173439  -32.166992  1651181184.000000  49
0.809517  3.628455  18.882334  -57.172264  -119.173439  -33.166992  1651181184.000000  49
0.802332  3.592529  18.879938  -56.172264  -121.173439  -32.166992  1651181184.000000  49
0.831072  3.621269  18.815273  -57.172264  -120.173439  -31.166992  1651181184.000000  49
0.826282  3.592529  18.882334  -56.172264  -119.173439  -32.166992  1651181184.000000  49
0.828677  3.570974  18.896704  -56.172264  -119.173439  -31.166992  1651181184.000000  49
0.886157  3.592529  18.884729  -55.172264  -119.173439  -31.166992  1651181184.000000  49
0.914897  3.590134  18.949394  -55.172264  -119.173439  -32.166992  1651181184.000000  49
0.845442  3.606899  18.949394  -56.172264  -120.173439  -33.166992  1651181184.000000  49
0.847837  3.592529  18.932629  -56.172264  -117.173439  -34.166992  1651181184.000000  49
0.814307  3.587739  18.908680  -56.172264  -119.173439  -33.166992  1651181184.000000  49
0.831072  3.549419  18.896704  -58.172264  -121.173439  -32.166992  1651181184.000000  49
0.804727  3.566184  18.913469  -55.172264  -119.173439  -32.166992  1651181184.000000  49
0.838257  3.604504  18.860779  -56.172264  -120.173439  -33.166992  1651181184.000000  49
0.796344  -3.515889  9.398057  -56.172264  -118.173439  -31.166992  1651181184.000000  49
0.843047  3.594924  18.903889  -57.172264  -120.173439  -33.166992  1651181184.000000  49
0.845442  3.654800  18.896704  -56.172264  -119.173439  -32.166992  1651181184.000000  49
0.811912  3.614084  18.958975  -57.172264  -119.173439  -34.166992  1651181184.000000  49
0.850232  3.590134  18.894310  -55.172264  -120.173439  -30.166992  1651181184.000000  49
0.809517  3.594924  18.901495  -55.172264  -120.173439  -32.166992  1651181184.000000  49
0.833467  3.580554  18.913469  -57.172264  -120.173439  -31.166992  1651181184.000000  49
0.804727  3.611690  18.951790  -56.172264  -120.173439  -29.166992  1651181184.000000  49
0.847837  3.585344  18.882334  -57.172264  -119.173439  -28.166992  1651181184.000000  49
0.831072  3.597319  18.863174  -57.172264  -119.173439  -32.166992  1651181184.000000  49
0.871787  3.606899  18.918259  -57.172264  -119.173439  -31.166992  1651181184.000000  49
0.840652  3.604504  18.882334  -55.172264  -119.173439  -30.166992  1651181184.000000  53
0.838257  3.587739  18.968555  -56.172264  -118.173439  -30.166992  1651181184.000000  77
0.819097  3.587739  18.875149  -58.172264  -118.173439  -31.166992  1651181184.000000  49
0.828677  3.618875  18.879938  -55.172264  -120.173439  -31.166992  1651181184.000000  49
0.843047  3.597319  18.966160  -56.172264  -118.173439  -30.166992  1651181184.000000  49
0.845442  3.587739  18.913469  -55.172264  -120.173439  -33.166992  1651181184.000000  49
0.850232  3.647615  18.944605  -58.172264  -119.173439  -29.166992  1651181184.000000  49
0.831072  3.578159  18.949394  -57.172264  -118.173439  -33.166992  1651181184.000000  49
0.847837  3.642825  18.901495  -55.172264  -119.173439  -32.166992  1651181184.000000  49
0.823887  3.614084  18.935024  -58.172264  -118.173439  -34.166992  1651181184.000000  49
0.835862  3.592529  18.975740  -55.172264  -117.173439  -30.166992  1651181184.000000  49
0.855022  3.604504  18.908680  -56.172264  -120.173439  -31.166992  1651181184.000000  49
0.852627  3.587739  18.946999  -54.172264  -121.173439  -30.166992  1651181184.000000  49
0.804727  3.614084  18.954185  -56.172264  -119.173439  -31.166992  1651181184.000000  49
0.802332  3.575764  18.906284  -58.172264  -120.173439  -31.166992  1651181184.000000  49
0.802332  3.578159  18.879938  -54.172264  -120.173439  -29.166992  1651181184.000000  49
0.835862  3.590134  18.932629  -55.172264  -119.173439  -31.166992  1651181184.000000  49
0.845442  3.599714  18.963764  -55.172264  -118.173439  -31.166992  1651181184.000000  49
0.843047  3.594924  18.863174  -56.172264  -118.173439  -32.166992  1651181184.000000  49
0.855022  3.599714  18.908680  -56.172264  -120.173439  -32.166992  1651181184.000000  49
0.828677  3.585344  18.913469  -57.172264  -119.173439  -31.166992  1651181184.000000  49
0.807122  3.592529  18.906284  -57.172264  -118.173439  -32.166992  1651181184.000000  49
0.816702  3.578159  18.891914  -57.172264  -121.173439  -34.166992  1651181184.000000  49
0.852627  3.580554  18.882334  -57.172264  -119.173439  -31.166992  1651181184.000000  49
0.843047  3.602109  18.925444  -57.172264  -118.173439  -31.166992  1651181184.000000  49
0.814307  3.590134  18.915865  -57.172264  -119.173439  -31.166992  1651181184.000000  49
0.859812  3.575764  18.911074  -57.172264  -119.173439  -30.166992  1651181184.000000  49
0.843047  3.575764  18.858383  -58.172264  -120.173439  -30.166992  1651181184.000000  49
0.787961  3.573369  18.944605  -58.172264  -120.173439  -31.166992  1651181184.000000  49
0.843047  3.604504  18.858383  -56.172264  -119.173439  -32.166992  1651181184.000000  49
0.838257  3.568579  18.851198  -57.172264  -116.173439  -32.166992  1651181184.000000  49
0.881367  3.578159  18.899099  -57.172264  -118.173439  -29.166992  1651181184.000000  49
0.835862  3.539839  18.920654  -56.172264  -120.173439  -34.166992  1651181184.000000  49
0.811912  3.635640  18.870359  -56.172264  -119.173439  -33.166992  1651181184.000000  49
0.859812  3.578159  18.939814  -54.172264  -120.173439  -31.166992  1651181184.000000  49
0.838257  3.580554  18.894310  -57.172264  -119.173439  -31.166992  1651181184.000000  49
0.845442  3.597319  18.911074  -55.172264  -120.173439  -31.166992  1651181184.000000  49
0.838257  3.606899  18.942209  -59.172264  -119.173439  -31.166992  1651181184.000000  49
0.797541  3.602109  18.944605  -56.172264  -118.173439  -31.166992  1651181184.000000  49
0.852627  3.628455  18.891914  -56.172264  -118.173439  -31.166992  1651181184.000000  49
0.823887  3.590134  18.925444  -57.172264  -120.173439  -30.166992  1651181184.000000  49
0.819097  3.599714  18.913469  -57.172264  -119.173439  -31.166992  1651181184.000000  49
0.814307  3.587739  18.927839  -56.172264  -119.173439  -31.166992  1651181184.000000  49
0.804727  3.594924  18.891914  -54.172264  -119.173439  -32.166992  1651181184.000000  49
0.838257  3.582949  18.870359  -58.172264  -119.173439  -32.166992  1651181184.000000  49
0.835862  3.594924  18.913469  -52.172264  -119.173439  -32.166992  1651181184.000000  49
0.828677  3.602109  18.961370  -57.172264  -120.173439  -33.166992  1651181184.000000  49
0.823887  3.618875  19.016455  -57.172264  -121.173439  -33.166992  1651181184.000000  49
0.804727  3.590134  19.030825  -57.172264  -119.173439  -32.166992  1651181184.000000  49
0.816702  3.609294  18.913469  -58.172264  -119.173439  -31.166992  1651181184.000000  49
0.831072  3.628455  18.889519  -56.172264  -119.173439  -31.166992  1651181184.000000  49
0.807122  3.549419  18.865568  -55.172264  -120.173439  -29.166992  1651181184.000000  49
0.862207  3.626060  18.877544  -56.172264  -118.173439  -33.166992  1651181184.000000  49
0.859812  3.614084  18.867964  -57.172264  -122.173439  -32.166992  1651181184.000000  49
0.831072  3.592529  18.891914  -57.172264  -119.173439  -31.166992  1651181184.000000  49
0.809517  3.616479  18.913469  -57.172264  -118.173439  -32.166992  1651181184.000000  49
0.847837  3.611690  18.879938  -55.172264  -119.173439  -32.166992  1651181184.000000  49
0.799937  3.590134  18.867964  -55.172264  -120.173439  -33.166992  1651181184.000000  49
0.821492  3.580554  18.867964  -56.172264  -119.173439  -31.166992  1651181184.000000  49
0.792751  3.626060  18.899099  -57.172264  -120.173439  -30.166992  1651181184.000000  49
0.807122  3.580554  18.906284  -58.172264  -120.173439  -31.166992  1651181184.000000  49
0.811912  3.570974  18.930235  -56.172264  -119.173439  -31.166992  1651181184.000000  49
0.857417  3.585344  18.899099  -56.172264  -118.173439  -32.166992  1651181184.000000  49
0.843047  3.590134  18.865568  -58.172264  -117.173439  -31.166992  1651181184.000000  49
0.816702  3.556604  18.982925  -56.172264  -118.173439  -30.166992  1651181184.000000  49
0.852627  3.597319  18.899099  -54.172264  -120.173439  -29.166992  1651181184.000000  49
0.862207  3.590134  18.894310  -57.172264  -117.173439  -31.166992  1651181184.000000  49
0.833467  3.580554  18.875149  -57.172264  -117.173439  -31.166992  1651181184.000000  49
0.833467  3.580554  18.877544  -56.172264  -119.173439  -30.166992  1651181184.000000  49
0.795146  3.580554  18.903889  -56.172264  -119.173439  -32.166992  1651181184.000000  49
0.847837  3.551814  18.944605  -58.172264  -119.173439  -30.166992  1651181184.000000  49
0.787961  3.609294  18.906284  -58.172264  -119.173439  -28.166992  1651181184.000000  49
0.799937  3.549419  18.992504  -58.172264  -119.173439  -31.166992  1651181184.000000  49
0.831072  3.609294  18.911074  -56.172264  -118.173439  -33.166992  1651181184.000000  49
0.828677  3.592529  18.915865  -56.172264  -121.173439  -29.166992  1651181184.000000  49
0.835862  3.594924  18.887123  -56.172264  -119.173439  -30.166992  1651181184.000000  49
0.840652  3.590134  18.923050  -55.172264  -119.173439  -33.166992  1651181184.000000  49
0.814307  3.611690  18.887123  -54.172264  -121.173439  -32.166992  1651181184.000000  49
0.826282  3.606899  18.867964  -55.172264  -118.173439  -34.166992  1651181184.000000  49
0.826282  3.585344  18.906284  -56.172264  -117.173439  -30.166992  1651181184.000000  49
0.826282  3.582949  18.954185  -57.172264  -118.173439  -32.166992  1651181184.000000  49
0.835862  3.578159  18.889519  -56.172264  -120.173439  -31.166992  1651181184.000000  49
0.831072  3.566184  18.925444  -55.172264  -118.173439  -31.166992  1651181184.000000  49
0.874182  3.628455  18.901495  -56.172264  -120.173439  -30.166992  1651181184.000000  49
0.840652  3.592529  18.884729  -56.172264  -118.173439  -32.166992  1651181184.000000  49
0.831072  3.554209  18.970949  -55.172264  -119.173439  -31.166992  1651181184.000000  49
0.814307  3.611690  18.935024  -57.172264  -118.173439  -31.166992  1651181184.000000  49
0.855022  3.561394  18.870359  -55.172264  -119.173439  -33.166992  1651181184.000000  49
0.826282  3.647615  18.899099  -56.172264  -118.173439  -32.166992  1651181184.000000  49
0.809517  3.563789  18.827248  -57.172264  -120.173439  -30.166992  1651181184.000000  49
0.828677  3.614084  18.827248  -57.172264  -120.173439  -30.166992  1651181184.000000  49
0.823887  3.597319  18.882334  -56.172264  -118.173439  -30.166992  1651181184.000000  49
0.838257  3.611690  18.875149  -55.172264  -121.173439  -29.166992  1651181184.000000  49
0.816702  3.621269  18.937420  -59.172264  -120.173439  -30.166992  1651181184.000000  49
0.831072  3.585344  18.901495  -56.172264  -122.173439  -31.166992  1651181184.000000  49
0.833467  3.618875  18.942209  -58.172264  -118.173439  -29.166992  1651181184.000000  49
0.850232  3.590134  18.848804  -55.172264  -120.173439  -28.166992  1651181184.000000  49
0.847837  3.597319  18.887123  -56.172264  -119.173439  -31.166992  1651181184.000000  49
0.821492  3.578159  18.851198  -56.172264  -118.173439  -29.166992  1651181184.000000  49
0.835862  3.628455  18.968555  -56.172264  -118.173439  -31.166992  1651181184.000000  49
0.816702  3.578159  18.932629  -56.172264  -120.173439  -28.166992  1651181184.000000  49
0.838257  3.568579  18.872753  -56.172264  -118.173439  -30.166992  1651181184.000000  49
0.843047  3.590134  18.901495  -55.172264  -119.173439  -30.166992  1651181184.000000  49
0.819097  3.594924  18.954185  -54.172264  -118.173439  -30.166992  1651181184.000000  49
0.792751  3.609294  18.877544  -57.172264  -119.173439  -27.166992  1651181184.000000  49
0.821492  3.590134  18.913469  -54.172264  -119.173439  -30.166992  1651181184.000000  49
0.828677  3.628455  18.879938  -59.172264  -117.173439  -31.166992  1651181184.000000  49
0.809517  3.616479  18.877544  -57.172264  -121.173439  -29.166992  1651181184.000000  49
0.795146  3.604504  18.913469  -58.172264  -117.173439  -30.166992  1651181184.000000  49
0.828677  3.587739  18.875149  -57.172264  -120.173439  -30.166992  1651181184.000000  49
0.826282  3.609294  18.879938  -56.172264  -118.173439  -30.166992  1651181184.000000  49
0.831072  3.578159  18.918259  -58.172264  -120.173439  -30.166992  1651181184.000000  49
0.831072  3.599714  18.896704  -57.172264  -118.173439  -30.166992  1651181184.000000  49
0.845442  3.585344  18.889519  -57.172264  -119.173439  -32.166992  1651181184.000000  49
0.797541  3.626060  18.915865  -57.172264  -119.173439  -29.166992  1651181184.000000  49
0.847837  3.623665  18.846409  -57.172264  -119.173439  -30.166992  1651181184.000000  49
0.797541  3.616479  18.887123  -58.172264  -119.173439  -29.166992  1651181184.000000  49
0.828677  3.609294  18.863174  -56.172264  -118.173439  -31.166992  1651181184.000000  49
0.821492  3.582949  18.853594  -55.172264  -119.173439  -29.166992  1651181184.000000  49
0.833467  3.616479  18.920654  -56.172264  -116.173439  -31.166992  1651181184.000000  49
0.835862  3.561394  18.935024  -57.172264  -121.173439  -30.166992  1651181184.000000  49
0.804727  3.592529  18.836828  -56.172264  -119.173439  -30.166992  1651181184.000000  49
0.821492  3.602109  18.918259  -55.172264  -119.173439  -31.166992  1651181184.000000  49
0.840652  3.623665  18.899099  -55.172264  -122.173439  -29.166992  1651181184.000000  49
0.866997  3.611690  18.925444  -57.172264  -120.173439  -30.166992  1651181184.000000  49
0.807122  3.602109  18.918259  -58.172264  -119.173439  -31.166992  1651181184.000000  49
0.838257  3.594924  18.920654  -56.172264  -120.173439  -29.166992  1651181184.000000  49
0.835862  3.594924  18.927839  -57.172264  -120.173439  -29.166992  1651181184.000000  49
0.823887  3.570974  18.846409  -58.172264  -119.173439  -32.166992  1651181184.000000  49
0.816702  3.611690  18.942209  -54.172264  -120.173439  -28.166992  1651181184.000000  57
0.790356  3.609294  18.863174  -57.172264  -120.173439  -30.166992  1651181184.000000  60
0.823887  3.614084  18.884729  -56.172264  -119.173439  -30.166992  1651181184.000000  58
0.823887  3.602109  18.903889  -57.172264  -119.173439  -30.166992  1651181184.000000  49
0.857417  3.628455  18.925444  -55.172264  -116.173439  -30.166992  1651181184.000000  49
0.859812  3.599714  18.853594  -57.172264  -118.173439  -29.166992  1651181184.000000  49
0.823887  3.611690  18.930235  -56.172264  -120.173439  -31.166992  1651181184.000000  49
0.833467  3.570974  18.920654  -54.172264  -119.173439  -31.166992  1651181184.000000  49
0.907712  3.604504  18.937420  -57.172264  -119.173439  -31.166992  1651181184.000000  49
0.814307  3.609294  18.877544  -57.172264  -118.173439  -30.166992  1651181184.000000  49
0.823887  3.554209  18.894310  -57.172264  -119.173439  -30.166992  1651181184.000000  49
0.826282  3.563789  18.870359  -54.172264  -117.173439  -31.166992  1651181184.000000  49
0.866997  3.604504  18.884729  -56.172264  -119.173439  -32.166992  1651181184.000000  49
0.862207  3.602109  18.877544  -59.172264  -117.173439  -32.166992  1651181184.000000  49
0.840652  3.623665  18.911074  -54.172264  -118.173439  -32.166992  1651181184.000000  49
0.845442  3.614084  18.911074  -58.172264  -118.173439  -31.166992  1651181184.000000  49
0.840652  3.611690  18.923050  -55.172264  -119.173439  -31.166992  1651181184.000000  49
0.864602  3.602109  18.901495  -57.172264  -118.173439  -32.166992  1651181184.000000  49
0.876577  3.582949  18.913469  -57.172264  -118.173439  -31.166992  1651181184.000000  49
0.819097  3.568579  18.935024  -58.172264  -119.173439  -32.166992  1651181184.000000  49
0.826282  3.582949  18.978134  -58.172264  -119.173439  -31.166992  1651181184.000000  49
0.859812  3.597319  18.915865  -58.172264  -120.173439  -32.166992  1651181184.000000  49
0.823887  3.563789  18.901495  -55.172264  -120.173439  -30.166992  1651181184.000000  49
0.862207  3.614084  18.903889  -56.172264  -117.173439  -30.166992  1651181184.000000  49
0.811912  3.633245  18.894310  -58.172264  -119.173439  -32.166992  1651181184.000000  49
0.835862  3.602109  18.915865  -55.172264  -120.173439  -30.166992  1651181184.000000  51
0.840652  3.590134  18.930235  -55.172264  -119.173439  -30.166992  1651181184.000000  49
0.823887  3.580554  18.927839  -57.172264  -120.173439  -30.166992  1651181184.000000  49
0.838257  3.599714  18.887123  -56.172264  -120.173439  -29.166992  1651181184.000000  50
0.797541  3.575764  18.889519  -55.172264  -120.173439  -34.166992  1651181184.000000  49
0.890947  3.580554  18.937420  -56.172264  -120.173439  -32.166992  1651181184.000000  49
0.864602  3.554209  18.894310  -56.172264  -119.173439  -30.166992  1651181184.000000  49
0.845442  3.587739  18.946999  -57.172264  -121.173439  -30.166992  1651181184.000000  49
0.823887  3.626060  18.923050  -60.172264  -119.173439  -32.166992  1651181184.000000  49
0.819097  3.597319  18.863174  -57.172264  -117.173439  -31.166992  1651181184.000000  49
0.840652  3.558999  18.865568  -10040.171875  14588.826172  28733.832031  1651181184.000000  49
0.819097  3.592529  18.899099  -57.172264  -118.173439  -32.166992  1651181184.000000  55
0.799937  3.602109  18.966160  -58.172264  -118.173439  -31.166992  1651181184.000000  49
0.888552  3.590134  18.935024  -57.172264  -118.173439  -31.166992  1651181184.000000  49
0.819097  3.561394  18.942209  -57.172264  -118.173439  -30.166992  1651181184.000000  49
0.828677  3.642825  18.887123  -57.172264  -120.173439  -30.166992  1651181184.000000  49
0.787961  3.599714  18.923050  -55.172264  -119.173439  -31.166992  1651181184.000000  49
0.850232  3.599714  18.925444  -58.172264  -117.173439  -32.166992  1651181184.000000  49
0.838257  3.604504  18.949394  -56.172264  -119.173439  -28.166992  1651181184.000000  49
0.785566  3.618875  18.887123  -57.172264  -118.173439  -32.166992  1651181184.000000  49
0.811912  3.585344  18.908680  -56.172264  -119.173439  -28.166992  1651181184.000000  49
0.795146  3.597319  18.899099  -56.172264  -119.173439  -30.166992  1651181184.000000  59
0.811912  3.594924  18.915865  -59.172264  -119.173439  -29.166992  1651181184.000000  49
0.843047  3.602109  18.899099  -58.172264  -118.173439  -32.166992  1651181184.000000  49
0.874182  3.614084  18.923050  -56.172264  -119.173439  -33.166992  1651181184.000000  49
0.807122  3.592529  18.844013  -55.172264  -118.173439  -33.166992  1651181184.000000  49
0.838257  3.616479  18.894310  -57.172264  -119.173439  -32.166992  1651181184.000000  49
0.838257  3.558999  18.894310  -57.172264  -119.173439  -30.166992  1651181184.000000  56
0.811912  3.609294  18.908680  -58.172264  -119.173439  -30.166992  1651181184.000000  70
0.821492  3.597319  18.896704  -56.172264  -119.173439  -30.166992  1651181184.000000  49
0.850232  3.614084  18.894310  -59.172264  -118.173439  -32.166992  1651181184.000000  49
0.843047  3.611690  18.925444  -57.172264  -120.173439  -32.166992  1651181184.000000  49
0.816702  3.590134  18.863174  -55.172264  -119.173439  -32.166992  1651181184.000000  49
0.852627  3.623665  18.937420  -57.172264  -121.173439  -34.166992  1651181184.000000  49
0.847837  3.568579  18.891914  -55.172264  -119.173439  -32.166992  1651181184.000000  49
0.876577  3.638035  18.879938  -55.172264  -118.173439  -33.166992  1651181184.000000  49
0.833467  3.585344  18.915865  -56.172264  -121.173439  -32.166992  1651181184.000000  49
0.816702  3.578159  18.889519  -58.172264  -120.173439  -30.166992  1651181184.000000  49
0.852627  3.582949  18.906284  -57.172264  -117.173439  -32.166992  1651181184.000000  49
0.816702  3.611690  18.872753  -57.172264  -117.173439  -32.166992  1651181184.000000  49
0.876577  3.575764  18.920654  -56.172264  -118.173439  -32.166992  1651181184.000000  49
0.816702  3.604504  18.901495  -56.172264  -119.173439  -32.166992  1651181184.000000  49
0.828677  3.582949  18.877544  -58.172264  -119.173439  -31.166992  1651181184.000000  49
0.826282  3.616479  18.860779  -55.172264  -116.173439  -33.166992  1651181184.000000  49
0.847837  3.614084  19.004480  -57.172264  -120.173439  -31.166992  1651181184.000000  49
0.819097  3.616479  18.915865  -56.172264  -118.173439  -32.166992  1651181184.000000  49
0.831072  3.633245  18.925444  -57.172264  -117.173439  -31.166992  1651181184.000000  49
0.843047  3.604504  18.901495  -58.172264  -116.173439  -31.166992  1651181184.000000  49
0.814307  3.602109  18.918259  -56.172264  -118.173439  -30.166992  1651181184.000000  49
0.790356  3.585344  18.946999  -56.172264  -119.173439  -31.166992  1651181184.000000  49
0.831072  3.575764  18.927839  -57.172264  -119.173439  -32.166992  1651181184.000000  49
0.845442  3.592529  18.963764  -58.172264  -119.173439  -31.166992  1651181184.000000  49
0.843047  3.585344  18.889519  -56.172264  -119.173439  -30.166992  1651181184.000000  49
0.823887  3.618875  18.879938  -56.172264  -119.173439  -31.166992  1651181184.000000  49
0.819097  3.606899  18.901495  -57.172264  -120.173439  -33.166992  1651181184.000000  49
0.843047  3.599714  18.884729  -57.172264  -119.173439  -32.166992  1651181184.000000  49
0.857417  3.587739  18.925444  -57.172264  -118.173439  -30.166992  1651181184.000000  49
0.828677  3.561394  18.949394  -54.172264  -118.173439  -31.166992  1651181184.000000  49
0.799937  3.602109  18.939814  -57.172264  -119.173439  -33.166992  1651181184.000000  49
0.859812  3.602109  18.899099  -57.172264  -118.173439  -29.166992  1651181184.000000  69
0.819097  3.602109  18.870359  -57.172264  -118.173439  -30.166992  1651181184.000000  80
0.845442  3.594924  18.925444  -56.172264  29948.826172  -11202.166992  1651181184.000000  59
0.831072  3.606899  18.975740  -57.172264  -118.173439  -34.166992  1651181184.000000  49
0.840652  3.602109  18.903889  -55.172264  -117.173439  -33.166992  1651181184.000000  49
0.814307  3.616479  18.930235  -56.172264  -116.173439  -33.166992  1651181184.000000  49
0.799937  3.602109  18.836828  -60.172264  -118.173439  -31.166992  1651181184.000000  49
0.828677  3.575764  18.968555  -57.172264  -120.173439  -32.166992  1651181184.000000  49
0.840652  3.566184  18.894310  -55.172264  -119.173439  -31.166992  1651181184.000000  49
0.804727  3.580554  18.899099  -56.172264  -120.173439  -29.166992  1651181184.000000  49
0.883762  3.590134  18.930235  -56.172264  -119.173439  -32.166992  1651181184.000000  49
0.826282  3.599714  18.887123  -56.172264  -120.173439  -33.166992  1651181184.000000  49
0.814307  3.618875  18.925444  -57.172264  -120.173439  -32.166992  1651181184.000000  49
0.838257  3.611690  18.925444  -57.172264  -119.173439  -31.166992  1651181184.000000  49
0.859812  3.642825  18.884729  -55.172264  -118.173439  -30.166992  1651181184.000000  49
0.850232  3.597319  18.935024  -56.172264  -119.173439  -33.166992  1651181184.000000  49
0.843047  3.578159  18.899099  -57.172264  -118.173439  -32.166992  1651181184.000000  49
0.819097  3.594924  18.903889  -55.172264  -120.173439  -32.166992  1651181184.000000  49
0.826282  3.623665  18.935024  -56.172264  -119.173439  -33.166992  1651181184.000000  49
0.835862  3.621269  18.891914  -56.172264  -120.173439  -33.166992  1651181184.000000  49
0.845442  3.599714  18.858383  -56.172264  -118.173439  -32.166992  1651181184.000000  49
0.831072  3.621269  18.939814  -56.172264  -118.173439  -31.166992  1651181184.000000  49
0.864602  3.582949  18.918259  -57.172264  -119.173439  -31.166992  1651181184.000000  49
0.826282  3.635640  18.949394  -56.172264  -119.173439  -31.166992  1651181184.000000  49
0.795146  3.611690  18.935024  -55.172264  -119.173439  -31.166992  1651181184.000000  49
0.847837  3.556604  18.877544  -57.172264  -120.173439  -30.166992  1651181184.000000  49
0.850232  3.592529  18.942209  -55.172264  -118.173439  -29.166992  1651181184.000000  49
0.823887  3.592529  18.949394  -56.172264  -120.173439  -29.166992  1651181184.000000  49
0.833467  3.606899  18.927839  -55.172264  -118.173439  -31.166992  1651181184.000000  49
0.814307  3.551814  19.021246  -53.172264  11516.826172  29758.832031  1651181184.000000  49
0.833467  3.604504  18.896704  -56.172264  -118.173439  -33.166992  1651181184.000000  50
0.816702  3.585344  18.918259  -57.172264  -121.173439  -30.166992  1651181184.000000  49
0.831072  3.621269  18.954185  -56.172264  -120.173439  -30.166992  1651181184.000000  49
0.826282  3.635640  18.939814  -57.172264  -118.173439  -33.166992  1651181184.000000  49
0.819097  3.606899  18.896704  -57.172264  -116.173439  -32.166992  1651181184.000000  49
0.807122  3.578159  18.994900  -58.172264  -118.173439  -31.166992  1651181184.000000  49
0.809517  3.611690  18.923050  -57.172264  -119.173439  -33.166992  1651181184.000000  49
0.797541  3.592529  18.961370  -57.172264  -118.173439  -32.166992  1651181184.000000  49
0.802332  3.580554  18.855989  -57.172264  -118.173439  -33.166992  1651181184.000000  49
0.843047  3.563789  18.908680  -56.172264  -117.173439  -30.166992  1651181184.000000  49
0.797541  3.575764  18.889519  -56.172264  -118.173439  -31.166992  1651181184.000000  49
0.790356  3.621269  18.887123  -56.172264  -119.173439  -33.166992  1651181184.000000  49
0.814307  3.566184  18.882334  -56.172264  -119.173439  -32.166992  1651181184.000000  49
0.843047  3.611690  18.932629  -56.172264  -117.173439  -30.166992  1651181184.000000  49
0.826282  3.580554  18.877544  -57.172264  -119.173439  -32.166992  1651181184.000000  49
0.850232  21.947960  9.398057  -56.172264  -120.173439  -33.166992  1651181184.000000  49
0.859812  3.585344  18.889519  -58.172264  -119.173439  -34.166992  1651181184.000000  49
0.835862  3.616479  18.932629  -57.172264  -121.173439  -32.166992  1651181184.000000  49
0.828677  3.606899  18.935024  -56.172264  -122.173439  -30.166992  1651181184.000000  49
0.819097  3.602109  18.930235  -60.172264  -119.173439  -30.166992  1651181184.000000  49
0.802332  3.578159  18.860779  -57.172264  -119.173439  -30.166992  1651181184.000000  51
0.835862  3.558999  18.949394  -56.172264  -119.173439  -32.166992  1651181184.000000  49
0.826282  3.585344  18.891914  -58.172264  -116.173439  -32.166992  1651181184.000000  49
0.850232  3.597319  18.887123  -56.172264  -120.173439  -31.166992  1651181184.000000  49
0.871787  3.609294  18.913469  -57.172264  -118.173439  -32.166992  1651181184.000000  49
0.831072  3.618875  18.920654  -58.172264  -118.173439  -29.166992  1651181184.000000  49
0.809517  3.590134  18.944605  -54.172264  -119.173439  -31.166992  1651181184.000000  49
0.845442  3.650010  18.944605  -57.172264  -117.173439  -34.166992  1651181184.000000  49
0.826282  3.587739  18.908680  -56.172264  -120.173439  -33.166992  1651181184.000000  49
0.814307  3.609294  18.899099  -55.172264  -119.173439  -31.166992  1651181184.000000  49
0.831072  3.609294  18.853594  -57.172264  -121.173439  -33.166992  1651181184.000000  49
0.845442  3.585344  18.920654  -58.172264  -118.173439  -32.166992  1651181184.000000  49
0.802332  3.597319  18.913469  -57.172264  -117.173439  -32.166992  1651181184.000000  49
0.850232  3.594924  18.923050  -57.172264  -120.173439  -33.166992  1651181184.000000  49
0.826282  3.590134  18.911074  -56.172264  -117.173439  -31.166992  1651181184.000000  49
0.852627  3.594924  18.891914  -55.172264  -120.173439  -31.166992  1651181184.000000  49
0.826282  3.602109  18.930235  -57.172264  -118.173439  -33.166992  1651181184.000000  49
0.823887  3.604504  18.858383  -57.172264  -120.173439  -30.166992  1651181184.000000  49
0.838257  3.578159  18.906284  -56.172264  -118.173439  -32.166992  1651181184.000000  49
0.804727  3.599714  18.915865  -56.172264  -118.173439  -32.166992  1651181184.000000  49
0.855022  3.618875  18.923050  -57.172264  -119.173439  -31.166992  1651181184.000000  49
0.855022  3.585344  18.855989  -56.172264  -119.173439  -30.166992  1651181184.000000  49
0.802332  3.609294  18.901495  -57.172264  -121.173439  -31.166992  1651181184.000000  49
0.843047  3.599714  18.927839  -56.172264  -119.173439  -33.166992  1651181184.000000  49
0.850232  3.587739  18.930235  -55.172264  -118.173439  -31.166992  1651181184.000000  49
0.816702  3.604504  18.954185  -56.172264  -119.173439  -32.166992  1651181184.000000  49
0.838257  3.599714  18.927839  -55.172264  -119.173439  -33.166992  1651181184.000000  49
0.814307  3.630850  18.939814  -56.172264  -119.173439  -32.166992  1651181184.000000  49
0.811912  3.621269  18.899099  -56.172264  -121.173439  -29.166992  1651181184.000000  49
0.866997  3.592529  18.865568  -58.172264  -120.173439  -33.166992  1651181184.000000  49
0.823887  3.630850  18.884729  -56.172264  -118.173439  -33.166992  1651181184.000000  49
0.826282  3.580554  18.968555  -55.172264  -121.173439  -32.166992  1651181184.000000  49
0.785566  3.606899  18.884729  -57.172264  -119.173439  -30.166992  1651181184.000000  49
0.821492  3.633245  18.891914  -55.172264  -119.173439  -33.166992  1651181184.000000  49
0.819097  3.582949  18.903889  -57.172264  -119.173439  -29.166992  1651181184.000000  49
0.831072  3.616479  18.889519  -57.172264  -119.173439  -33.166992  1651181184.000000  49
0.838257  3.609294  18.863174  -57.172264  -120.173439  -33.166992  1651181184.000000  49
0.823887  3.580554  18.935024  -58.172264  -119.173439  -29.166992  1651181184.000000  49
0.831072  3.594924  18.913469  -57.172264  -120.173439  -30.166992  1651181184.000000  49
0.852627  3.597319  18.889519  -56.172264  -117.173439  -31.166992  1651181184.000000  49
0.833467  3.621269  18.918259  -57.172264  -119.173439  -31.166992  1651181184.000000  50
0.840652  3.599714  18.935024  -58.172264  -118.173439  -33.166992  1651181184.000000  49
0.840652  3.614084  18.889519  -57.172264  -119.173439  -31.166992  1651181184.000000  49
0.843047  3.590134  18.925444  -57.172264  -122.173439  -29.166992  1651181184.000000  49
0.850232  3.573369  18.872753  -56.172264  -119.173439  -32.166992  1651181184.000000  49
0.881367  3.616479  18.961370  -57.172264  -120.173439  -32.166992  1651181184.000000  49
0.823887  3.578159  18.925444  -56.172264  -117.173439  -29.166992  1651181184.000000  49
0.855022  3.587739  18.925444  -57.172264  -119.173439  -33.166992  1651181184.000000  49
0.833467  3.609294  18.956579  -57.172264  -119.173439  -30.166992  1651181184.000000  49
0.850232  3.626060  18.951790  -57.172264  -120.173439  -34.166992  1651181184.000000  49
0.811912  3.585344  18.939814  -55.172264  -118.173439  -31.166992  1651181184.000000  49
0.845442  3.573369  18.853594  -56.172264  -117.173439  -32.166992  1651181184.000000  49
0.816702  3.590134  18.891914  -56.172264  -119.173439  -32.166992  1651181184.000000  49
0.835862  3.633245  18.882334  -56.172264  -121.173439  -32.166992  1651181184.000000  49
0.823887  3.575764  18.889519  -55.172264  -118.173439  -33.166992  1651181184.000000  49
0.866997  3.551814  18.930235  -57.172264  -121.173439  -32.166992  1651181184.000000  49
0.843047  3.599714  18.877544  -58.172264  -118.173439  -30.166992  1651181184.000000  49
0.862207  3.597319  18.911074  -55.172264  -120.173439  -32.166992  1651181184.000000  49
0.814307  3.606899  18.961370  -57.172264  -119.173439  -30.166992  1651181184.000000  49
0.857417  3.594924  18.894310  -57.172264  -119.173439  -30.166992  1651181184.000000  49
0.828677  3.575764  18.899099  -56.172264  -119.173439  -30.166992  1651181184.000000  49
0.823887  3.604504  18.932629  -57.172264  -119.173439  -31.166992  1651181184.000000  49
0.831072  3.599714  18.956579  -53.172264  -119.173439  -32.166992  1651181184.000000  49
0.821492  3.587739  18.973345  -57.172264  -118.173439  -31.166992  1651181184.000000  49
0.823887  3.568579  18.896704  -56.172264  -119.173439  -33.166992  1651181184.000000  49
0.835862  3.585344  18.858383  -56.172264  -119.173439  -32.166992  1651181184.000000  49
0.826282  3.592529  18.920654  -55.172264  -120.173439  -30.166992  1651181184.000000  49
0.869392  3.602109  18.899099  -56.172264  -120.173439  -30.166992  1651181184.000000  49
0.862207  3.587739  18.891914  -57.172264  -118.173439  -30.166992  1651181184.000000  49
0.855022  3.618875  18.908680  -56.172264  -118.173439  -30.166992  1651181184.000000  49
0.797541  3.542234  18.958975  -56.172264  -118.173439  -31.166992  1651181184.000000  49
0.802332  3.563789  18.942209  -55.172264  -119.173439  -30.166992  1651181184.000000  49
0.871787  3.582949  18.865568  -55.172264  -118.173439  -31.166992  1651181184.000000  49
0.807122  4.316424  9.398057  -56.172264  -118.173439  -31.166992  1651181184.000000  49
0.828677  3.621269  18.901495  -56.172264  -119.173439  -31.166992  1651181184.000000  52
0.840652  3.590134  18.954185  -58.172264  -118.173439  -31.166992  1651181184.000000  49
0.790356  3.599714  18.908680  -59.172264  -119.173439  -31.166992  1651181184.000000  49
0.807122  3.614084  18.896704  -56.172264  -118.173439  -30.166992  1651181184.000000  49
0.857417  3.621269  18.958975  -57.172264  -120.173439  -30.166992  1651181184.000000  49
0.847837  3.568579  18.913469  -57.172264  -118.173439  -29.166992  1651181184.000000  49
0.838257  3.618875  18.944605  -57.172264  -117.173439  -31.166992  1651181184.000000  49
0.823887  3.633245  18.899099  -58.172264  -118.173439  -28.166992  1651181184.000000  49
0.833467  3.611690  18.925444  -55.172264  -117.173439  -30.166992  1651181184.000000  49
0.859812  3.602109  18.915865  -57.172264  -120.173439  -28.166992  1651181184.000000  49
0.862207  3.616479  18.923050  -58.172264  -117.173439  -30.166992  1651181184.000000  49
0.807122  3.604504  18.903889  -57.172264  -118.173439  -30.166992  1651181184.000000  49
0.802332  3.602109  18.925444  -56.172264  -117.173439  -29.166992  1651181184.000000  49
0.859812  3.587739  18.970949  -57.172264  -121.173439  -29.166992  1651181184.000000  49
0.819097  3.630850  18.954185  -56.172264  -119.173439  -28.166992  1651181184.000000  49
0.835862  3.563789  18.875149  -54.172264  -120.173439  -30.166992  1651181184.000000  49
0.819097  3.575764  18.829643  -55.172264  -121.173439  -30.166992  1651181184.000000  49
0.852627  3.568579  18.894310  -57.172264  -121.173439  -30.166992  1651181184.000000  49
0.835862  3.587739  18.923050  -58.172264  -119.173439  -30.166992  1651181184.000000  49
0.835862  3.618875  18.927839  -57.172264  -120.173439  -32.166992  1651181184.000000  49
0.864602  3.585344  18.923050  -56.172264  -120.173439  -31.166992  1651181184.000000  49
0.814307  3.585344  18.891914  -56.172264  -117.173439  -29.166992  1651181184.000000  49
0.845442  3.609294  18.891914  -54.172264  -121.173439  -30.166992  1651181184.000000  49
0.843047  3.594924  18.906284  -56.172264  -119.173439  -29.166992  1651181184.000000  49
0.857417  3.587739  18.884729  -57.172264  -116.173439  -29.166992  1651181184.000000  49
0.809517  3.640430  18.946999  -56.172264  -119.173439  -31.166992  1651181184.000000  49
0.857417  3.556604  18.889519  -57.172264  -118.173439  -31.166992  1651181184.000000  49
0.821492  3.563789  18.879938  -57.172264  -118.173439  -31.166992  1651181184.000000  49
0.814307  3.570974  18.870359  -57.172264  -120.173439  -29.166992  1651181184.000000  49
0.828677  3.621269  18.858383  -55.172264  -118.173439  -30.166992  1651181184.000000  49
0.814307  3.590134  18.918259  -56.172264  -121.173439  -31.166992  1651181184.000000  49
0.864602  3.573369  18.867964  -57.172264  -120.173439  -29.166992  1651181184.000000  49
0.826282  3.628455  18.882334  -57.172264  -119.173439  -31.166992  1651181184.000000  49
0.833467  3.623665  18.858383  -57.172264  -117.173439  -31.166992  1651181184.000000  50
0.864602  3.585344  18.899099  -58.172264  -118.173439  -30.166992  1651181184.000000  49
0.823887  3.666775  18.884729  -55.172264  -119.173439  -30.166992  1651181184.000000  49
0.845442  3.604504  18.870359  -57.172264  -120.173439  -31.166992  1651181184.000000  49
0.790356  3.609294  18.920654  -56.172264  -120.173439  -31.166992  1651181184.000000  49
0.811912  3.582949  18.949394  -57.172264  -118.173439  -31.166992  1651181184.000000  49
0.823887  3.590134  18.846409  -57.172264  -120.173439  -31.166992  1651181184.000000  49
0.821492  3.599714  18.879938  -57.172264  -119.173439  -33.166992  1651181184.000000  49
0.831072  3.599714  18.891914  -58.172264  -118.173439  -32.166992  1651181184.000000  49
0.816702  3.611690  18.860779  -55.172264  -120.173439  -30.166992  1651181184.000000  49
0.811912  3.616479  18.923050  -56.172264  -119.173439  -32.166992  1651181184.000000  49
0.826282  3.623665  18.935024  -57.172264  -118.173439  -33.166992  1651181184.000000  49
0.845442  3.580554  18.975740  -56.172264  -118.173439  -31.166992  1651181184.000000  49
0.843047  3.609294  18.841619  -56.172264  -119.173439  -31.166992  1651181184.000000  49
0.831072  3.628455  18.863174  -55.172264  -120.173439  -30.166992  1651181184.000000  49
0.833467  3.621269  18.923050  -57.172264  -120.173439  -32.166992  1651181184.000000  49
0.828677  3.606899  18.906284  -56.172264  -121.173439  -30.166992  1651181184.000000  49
0.816702  3.594924  18.927839  -57.172264  -117.173439  -31.166992  1651181184.000000  49
0.821492  3.614084  18.872753  -56.172264  -120.173439  -28.166992  1651181184.000000  49
0.847837  3.580554  18.901495  -55.172264  -118.173439  -30.166992  1651181184.000000  49
0.840652  3.592529  18.896704  -57.172264  -119.173439  -32.166992  1651181184.000000  49
0.831072  3.594924  18.987715  -57.172264  -119.173439  -33.166992  1651181184.000000  49
0.840652  3.597319  18.930235  -57.172264  -118.173439  -31.166992  1651181184.000000  49
0.821492  3.618875  18.942209  -57.172264  -119.173439  -31.166992  1651181184.000000  49
0.857417  3.582949  18.867964  -57.172264  -119.173439  -30.166992  1651181184.000000  49
0.833467  3.611690  18.891914  -57.172264  -119.173439  -31.166992  1651181184.000000  49
0.811912  3.606899  18.946999  -56.172264  -120.173439  -29.166992  1651181184.000000  49
0.816702  3.585344  18.896704  -57.172264  -117.173439  -31.166992  1651181184.000000  49
0.828677  3.568579  18.865568  -56.172264  -117.173439  -31.166992  1651181184.000000  49
0.814307  3.614084  18.935024  -57.172264  -119.173439  -31.166992  1651181184.000000  49
0.866997  3.611690  18.896704  -58.172264  -120.173439  -30.166992  1651181184.000000  49
0.859812  3.561394  18.879938  -58.172264  -119.173439  -30.166992  1651181184.000000  49
0.852627  3.606899  18.901495  -56.172264  -118.173439  -34.166992  1651181184.000000  49
0.821492  3.604504  18.913469  -55.172264  -119.173439  -30.166992  1651181184.000000  49
0.823887  3.633245  18.911074  -58.172264  -119.173439  -31.166992  1651181184.000000  49
0.838257  3.580554  18.925444  -54.172264  -118.173439  -29.166992  1651181184.000000  49
0.826282  3.590134  18.887123  -58.172264  -120.173439  -29.166992  1651181184.000000  49
0.859812  3.575764  18.906284  -58.172264  -119.173439  -29.166992  1651181184.000000  49
0.862207  3.611690  18.903889  -56.172264  -118.173439  -29.166992  1651181184.000000  49
0.811912  3.614084  18.963764  -56.172264  -121.173439  -29.166992  1651181184.000000  49
0.847837  3.616479  18.889519  -59.172264  -119.173439  -32.166992  1651181184.000000  49
0.847837  3.616479  18.894310  -56.172264  -121.173439  -33.166992  1651181184.000000  49
0.833467  3.578159  18.911074  -56.172264  -119.173439  -31.166992  1651181184.000000  49
0.835862  3.606899  18.918259  -57.172264  -118.173439  -32.166992  1651181184.000000  49
0.869392  3.599714  18.891914  -56.172264  -118.173439  -31.166992  1651181184.000000  49
0.823887  3.609294  18.932629  -55.172264  -121.173439  -33.166992  1651181184.000000  49
0.821492  3.566184  18.908680  -57.172264  -118.173439  -31.166992  1651181184.000000  49
0.835862  3.621269  18.877544  -55.172264  -119.173439  -30.166992  1651181184.000000  49
0.857417  3.611690  18.877544  -55.172264  -118.173439  -32.166992  1651181184.000000  49
0.859812  3.582949  18.930235  -59.172264  -121.173439  -32.166992  1651181184.000000  49
0.833467  3.609294  18.925444  -56.172264  -119.173439  -31.166992  1651181184.000000  49
0.876577  3.618875  18.889519  -58.172264  -121.173439  -32.166992  1651181184.000000  49
0.809517  3.592529  18.887123  -58.172264  -119.173439  -30.166992  1651181184.000000  49
0.838257  3.578159  18.935024  -55.172264  -120.173439  -31.166992  1651181184.000000  49
0.826282  3.602109  18.872753  -56.172264  -122.173439  -30.166992  1651181184.000000  49
0.828677  3.618875  18.896704  -56.172264  -121.173439  -32.166992  1651181184.000000  49
0.847837  3.604504  18.956579  -56.172264  -118.173439  -30.166992  1651181184.000000  49
0.850232  3.602109  18.884729  -56.172264  -120.173439  -34.166992  1651181184.000000  49
0.823887  3.609294  18.939814  -56.172264  -117.173439  -33.166992  1651181184.000000  49
0.850232  3.611690  18.911074  -57.172264  -118.173439  -31.166992  1651181184.000000  49
0.804727  3.587739  18.913469  -57.172264  -118.173439  -29.166992  1651181184.000000  49
0.826282  3.590134  18.915865  -57.172264  -118.173439  -33.166992  1651181184.000000  49
0.838257  3.606899  18.923050  -57.172264  -120.173439  -30.166992  1651181184.000000  49
0.826282  3.582949  18.889519  -55.172264  -120.173439  -31.166992  1651181184.000000  49
0.850232  3.575764  18.908680  -56.172264  -121.173439  -28.166992  1651181184.000000  49
0.831072  3.609294  18.877544  -58.172264  -117.173439  -29.166992  1651181184.000000  50
0.845442  3.561394  18.920654  -56.172264  -120.173439  -29.166992  1651181184.000000  51
0.847837  3.599714  18.930235  -57.172264  -121.173439  -33.166992  1651181184.000000  58
0.831072  3.597319  18.887123  -56.172264  -120.173439  -32.166992  1651181184.000000  49
0.840652  3.614084  18.870359  -58.172264  -120.173439  -32.166992  1651181184.000000  49
0.826282  3.582949  18.915865  -56.172264  -118.173439  -33.166992  1651181184.000000  49
0.816702  3.558999  18.915865  -57.172264  -119.173439  -31.166992  1651181184.000000  49
0.819097  3.611690  18.949394  -56.172264  -119.173439  -32.166992  1651181184.000000  49
0.862207  3.614084  18.834435  -55.172264  -119.173439  -33.166992  1651181184.000000  49
0.804727  3.611690  18.867964  -56.172264  -119.173439  -30.166992  1651181184.000000  49
0.799937  3.630850  18.915865  -56.172264  -118.173439  -31.166992  1651181184.000000  49
0.807122  3.580554  18.899099  -55.172264  -119.173439  -29.166992  1651181184.000000  49
0.807122  3.606899  18.946999  -57.172264  -121.173439  -32.166992  1651181184.000000  49
0.845442  3.568579  18.923050  -56.172264  -118.173439  -31.166992  1651181184.000000  49
0.802332  3.592529  18.925444  -55.172264  -118.173439  -32.166992  1651181184.000000  49
0.775986  3.604504  18.882334  -56.172264  -118.173439  -32.166992  1651181184.000000  49
0.835862  3.609294  18.911074  -57.172264  -120.173439  -32.166992  1651181184.000000  49
0.838257  3.554209  18.913469  -55.172264  -117.173439  -30.166992  1651181184.000000  49
0.823887  3.537444  18.887123  -57.172264  -118.173439  -31.166992  1651181184.000000  49
0.866997  3.623665  18.946999  -57.172264  -118.173439  -32.166992  1651181184.000000  49
0.845442  3.604504  18.908680  -58.172264  -120.173439  -31.166992  1651181184.000000  49
0.821492  3.628455  18.903889  -59.172264  -118.173439  -31.166992  1651181184.000000  49
0.859812  3.614084  18.908680  -56.172264  -120.173439  -31.166992  1651181184.000000  49
0.850232  3.628455  18.920654  -56.172264  -117.173439  -31.166992  1651181184.000000  49
0.828677  3.611690  18.906284  -57.172264  -119.173439  -32.166992  1651181184.000000  49
0.821492  3.570974  18.827248  -54.172264  -118.173439  -30.166992  1651181184.000000  49
0.811912  3.592529  18.872753  -57.172264  -119.173439  -31.166992  1651181184.000000  49
0.850232  3.544629  18.937420  -55.172264  -120.173439  -31.166992  1651181184.000000  49
0.876577  3.597319  18.860779  -57.172264  -117.173439  -31.166992  1651181184.000000  49
0.852627  3.626060  18.882334  -57.172264  -119.173439  -32.166992  1651181184.000000  49
0.835862  3.630850  18.913469  -57.172264  -118.173439  -31.166992  1651181184.000000  49
0.816702  3.614084  18.913469  -56.172264  -121.173439  -33.166992  1651181184.000000  49
0.831072  3.602109  18.915865  -56.172264  -119.173439  -34.166992  1651181184.000000  49
0.778381  3.585344  18.915865  -55.172264  -121.173439  -32.166992  1651181184.000000  49
0.857417  3.592529  18.968555  -57.172264  -120.173439  -34.166992  1651181184.000000  49
0.859812  3.568579  18.954185  -56.172264  -121.173439  -27.166992  1651181184.000000  49
0.845442  3.566184  18.925444  -58.172264  -120.173439  -32.166992  1651181184.000000  49
0.888552  3.592529  18.824854  -57.172264  -119.173439  -32.166992  1651181184.000000  49
0.878972  3.590134  18.800903  -57.172264  -119.173439  -31.166992  1651181184.000000  49
0.878972  3.542234  18.796114  -55.172264  -120.173439  -32.166992  1651181184.000000  49
0.845442  3.626060  18.887123  -56.172264  -119.173439  -34.166992  1651181184.000000  49
0.855022  3.590134  18.980530  -58.172264  -119.173439  -32.166992  1651181184.000000  49
0.814307  3.573369  18.906284  -53.172264  -120.173439  -30.166992  1651181184.000000  49
0.795146  3.640430  18.872753  -56.172264  -119.173439  -33.166992  1651181184.000000  49
0.831072  3.628455  18.844013  -56.172264  -120.173439  -30.166992  1651181184.000000  49
0.819097  3.556604  18.911074  -55.172264  -121.173439  -32.166992  1651181184.000000  49
0.833467  3.568579  18.915865  -58.172264  -118.173439  -32.166992  1651181184.000000  49
0.862207  3.614084  18.858383  -56.172264  -120.173439  -33.166992  1651181184.000000  49
0.847837  3.566184  18.913469  -56.172264  -118.173439  -31.166992  1651181184.000000  49
0.847837  3.604504  18.891914  -56.172264  -120.173439  -31.166992  1651181184.000000  49
0.831072  3.570974  18.970949  -58.172264  -118.173439  -31.166992  1651181184.000000  49
0.823887  3.594924  18.963764  -59.172264  -119.173439  -32.166992  1651181184.000000  49
0.850232  3.585344  18.872753  -54.172264  -120.173439  -31.166992  1651181184.000000  49
0.857417  3.537444  18.915865  -57.172264  -120.173439  -31.166992  1651181184.000000  49
0.850232  3.623665  18.875149  -54.172264  -120.173439  -31.166992  Acc X | Acc Y | Acc Z | Mag X | Mag Y | Mag Z | Timestamp | Delta T
1.468746  2.757865  18.153051  -69.172264  -93.173439  -0.166992  1651211136.000000  49
1.497486  2.810555  18.133890  -70.172264  -94.173439  0.833008  1651211136.000000  49
1.461561  2.791395  18.117125  -69.172264  -92.173439  -0.166992  1651211136.000000  49
1.425635  2.779420  18.153051  -68.172264  -93.173439  0.833008  1651211136.000000  49
1.473536  2.748285  18.143471  -70.172264  -94.173439  -0.166992  1651211136.000000  49
1.473536  2.743495  18.136286  -68.172264  -94.173439  -2.166992  1651211136.000000  49
1.475931  2.772235  18.112335  -67.172264  -93.173439  -1.166992  1651211136.000000  49
1.444795  2.789000  18.186581  -70.172264  -93.173439  -1.166992  1651211136.000000  49
1.408870  2.741100  18.145866  -69.172264  -94.173439  0.833008  1651211136.000000  49
1.468746  2.769840  18.165026  -70.172264  -95.173439  0.833008  1651211136.000000  49
1.471141  2.755470  18.141075  -68.172264  -92.173439  -2.166992  1651211136.000000  49
1.466351  2.777025  18.155445  -69.172264  -94.173439  0.833008  1651211136.000000  49
1.461561  2.745890  18.179396  -69.172264  -94.173439  1.833008  1651211136.000000  49
1.507066  2.760260  18.148260  -67.172264  -93.173439  -1.166992  1651211136.000000  49
1.463956  2.765050  18.136286  -69.172264  -93.173439  -0.166992  1651211136.000000  49
1.471141  2.781815  18.162630  -66.172264  -94.173439  -1.166992  1651211136.000000  49
1.447191  2.769840  18.126705  -71.172264  -94.173439  0.833008  1651211136.000000  49
1.475931  2.772235  18.148260  -66.172264  -95.173439  -0.166992  1651211136.000000  49
1.485511  2.757865  18.148260  -71.172264  -93.173439  1.833008  1651211136.000000  49
1.456771  2.753075  18.179396  -68.172264  -93.173439  0.833008  1651211136.000000  49
1.471141  2.820136  18.133890  -69.172264  -92.173439  0.833008  1651211136.000000  49
1.490301  2.748285  18.145866  -67.172264  -92.173439  -0.166992  1651211136.000000  49
1.459166  2.772235  18.179396  -68.172264  -93.173439  1.833008  1651211136.000000  49
1.459166  2.753075  18.131495  -71.172264  -93.173439  0.833008  1651211136.000000  49
1.459166  2.769840  18.124310  -68.172264  -95.173439  -0.166992  1651211136.000000  49
1.487906  2.755470  18.109940  -69.172264  -93.173439  -0.166992  1651211136.000000  49
1.473536  2.781815  18.105150  -67.172264  -94.173439  -0.166992  1651211136.000000  49
1.459166  2.781815  18.129101  -68.172264  -95.173439  -1.166992  1651211136.000000  49
1.420845  2.793790  18.112335  -70.172264  -95.173439  -0.166992  1651211136.000000  49
1.514251  2.729125  18.109940  -69.172264  -93.173439  -0.166992  1651211136.000000  49
1.483116  2.800975  18.117125  -69.172264  -93.173439  -1.166992  1651211136.000000  49
1.466351  2.762655  18.126705  -72.172264  -95.173439  -0.166992  1651211136.000000  49
1.420845  2.765050  18.136286  -68.172264  -93.173439  -0.166992  1651211136.000000  49
1.459166  2.748285  18.083595  -69.172264  -94.173439  -1.166992  1651211136.000000  49
1.432820  2.762655  18.129101  -69.172264  -93.173439  0.833008  1651211136.000000  49
1.495091  2.748285  18.165026  -69.172264  -92.173439  -1.166992  1651211136.000000  49
1.483116  2.767445  18.155445  -69.172264  -96.173439  0.833008  1651211136.000000  49
1.514251  2.777025  18.174606  -69.172264  -92.173439  -0.166992  1651211136.000000  49
1.435215  2.741100  18.172211  -68.172264  -93.173439  -0.166992  1651211136.000000  49
1.471141  2.741100  18.157841  -69.172264  -94.173439  -0.166992  1651211136.000000  49
1.473536  2.750680  18.148260  -69.172264  -93.173439  -2.166992  1651211136.000000  49
1.435215  2.774630  18.107546  -68.172264  -93.173439  0.833008  1651211136.000000  49
1.511856  2.755470  18.145866  -70.172264  -94.173439  -0.166992  1651211136.000000  49
1.468746  2.777025  18.143471  -67.172264  -94.173439  0.833008  1651211136.000000  49
1.485511  2.781815  18.174606  -69.172264  -94.173439  0.833008  1651211136.000000  49
1.473536  2.762655  18.148260  -69.172264  -94.173439  0.833008  1651211136.000000  49
1.444795  2.810555  18.109940  -68.172264  -95.173439  0.833008  1651211136.000000  49
1.485511  2.733915  18.210531  -69.172264  -96.173439  0.833008  1651211136.000000  49
1.478326  2.805765  18.174606  -70.172264  -95.173439  1.833008  1651211136.000000  49
1.451981  2.774630  18.136286  -70.172264  -94.173439  -0.166992  1651211136.000000  49
1.475931  2.779420  18.186581  -68.172264  -93.173439  0.833008  1651211136.000000  49
1.440006  2.777025  18.160236  -70.172264  -94.173439  0.833008  1651211136.000000  49
1.495091  2.774630  18.114731  -70.172264  -92.173439  0.833008  1651211136.000000  49
1.449586  2.791395  18.208136  -69.172264  -94.173439  0.833008  1651211136.000000  49
1.459166  2.769840  18.131495  -67.172264  -94.173439  1.833008  1651211136.000000  49
1.475931  2.760260  18.143471  -67.172264  -95.173439  1.833008  1651211136.000000  49
1.461561  2.753075  18.155445  -71.172264  -94.173439  -0.166992  1651211136.000000  49
1.461561  2.750680  18.155445  -67.172264  -92.173439  0.833008  1651211136.000000  49
1.495091  2.753075  18.126705  -68.172264  -95.173439  1.833008  1651211136.000000  49
1.466351  2.779420  18.129101  -69.172264  -94.173439  1.833008  1651211136.000000  49
1.459166  2.767445  18.131495  -68.172264  -91.173439  2.833008  1651211136.000000  49
1.502276  2.781815  18.160236  -67.172264  -94.173439  -0.166992  1651211136.000000  49
1.430425  2.796185  18.119520  -67.172264  -93.173439  -1.166992  1651211136.000000  49
1.509461  2.800975  18.105150  -68.172264  -93.173439  -2.166992  1651211136.000000  49
1.435215  2.767445  18.157841  -70.172264  -92.173439  0.833008  1651211136.000000  49
1.468746  2.743495  18.160236  -70.172264  -94.173439  -0.166992  1651211136.000000  49
1.478326  2.781815  18.126705  -69.172264  -94.173439  0.833008  1651211136.000000  49
1.466351  2.726730  18.196161  -68.172264  -95.173439  -0.166992  1651211136.000000  49
1.471141  2.784210  18.131495  -69.172264  -95.173439  0.833008  1651211136.000000  49
1.485511  2.772235  18.155445  -67.172264  -95.173439  -0.166992  1651211136.000000  49
1.463956  2.781815  18.138680  -69.172264  -92.173439  1.833008  1651211136.000000  49
1.459166  2.793790  18.184185  -68.172264  -95.173439  2.833008  1651211136.000000  49
1.485511  2.757865  18.121916  -68.172264  -95.173439  -0.166992  1651211136.000000  49
1.463956  2.769840  18.129101  -69.172264  -94.173439  -1.166992  1651211136.000000  49
1.478326  2.784210  18.177000  -67.172264  -94.173439  -0.166992  1651211136.000000  49
1.490301  2.762655  18.186581  -67.172264  -93.173439  -2.166992  1651211136.000000  49
1.435215  2.765050  18.184185  -69.172264  -93.173439  1.833008  1651211136.000000  49
1.497486  2.827321  18.133890  -69.172264  -94.173439  -0.166992  1651211136.000000  49
1.463956  2.755470  18.126705  -70.172264  -93.173439  -0.166992  1651211136.000000  49
1.461561  2.774630  18.193766  -69.172264  -94.173439  -0.166992  1651211136.000000  49
1.461561  2.772235  18.109940  -68.172264  -94.173439  0.833008  1651211136.000000  49
1.471141  2.791395  18.124310  -68.172264  -93.173439  0.833008  1651211136.000000  49
1.416055  2.767445  18.136286  -68.172264  -94.173439  -0.166992  1651211136.000000  49
1.483116  2.755470  18.153051  -67.172264  -93.173439  0.833008  1651211136.000000  49
1.466351  2.765050  18.162630  -68.172264  -94.173439  -1.166992  1651211136.000000  49
1.444795  2.745890  18.081200  -68.172264  -92.173439  -2.166992  1651211136.000000  49
1.473536  2.779420  18.136286  -67.172264  -93.173439  -1.166992  1651211136.000000  49
1.459166  2.767445  18.157841  -67.172264  -94.173439  -2.166992  1651211136.000000  49
1.454376  2.767445  18.172211  -68.172264  -93.173439  0.833008  1651211136.000000  49
1.471141  2.786605  18.174606  -69.172264  -92.173439  2.833008  1651211136.000000  49
1.509461  2.765050  18.167421  -69.172264  -92.173439  0.833008  1651211136.000000  49
1.475931  2.738705  18.141075  -67.172264  -95.173439  0.833008  1651211136.000000  49
1.478326  2.753075  18.133890  -68.172264  -94.173439  1.833008  1651211136.000000  49
1.437611  2.810555  18.143471  -68.172264  -92.173439  -0.166992  1651211136.000000  49
1.456771  2.757865  18.114731  -69.172264  -95.173439  1.833008  1651211136.000000  49
1.497486  2.786605  18.150656  -67.172264  -93.173439  -2.166992  1651211136.000000  49
1.449586  2.738705  18.188976  -68.172264  -92.173439  -0.166992  1651211136.000000  49
1.473536  2.777025  18.188976  -69.172264  -94.173439  -0.166992  1651211136.000000  49
1.478326  2.784210  18.138680  -70.172264  -94.173439  -1.166992  1651211136.000000  49
1.456771  2.738705  18.090780  -68.172264  -93.173439  0.833008  1651211136.000000  49
1.471141  2.757865  18.117125  -68.172264  -92.173439  -0.166992  1651211136.000000  49
1.473536  2.789000  18.145866  -70.172264  -94.173439  -1.166992  1651211136.000000  49
1.444795  2.760260  18.107546  -69.172264  -94.173439  -1.166992  1651211136.000000  49
1.463956  2.784210  18.165026  -69.172264  -94.173439  2.833008  1651211136.000000  49
1.487906  2.793790  18.114731  -68.172264  -93.173439  -1.166992  1651211136.000000  49
1.463956  2.774630  18.114731  -70.172264  -92.173439  -1.166992  1651211136.000000  49
1.475931  2.762655  18.131495  -68.172264  -95.173439  -1.166992  1651211136.000000  49
1.478326  2.748285  18.093176  -68.172264  -93.173439  -2.166992  1651211136.000000  49
1.392105  2.796185  18.136286  -69.172264  -93.173439  1.833008  1651211136.000000  49
1.444795  2.798580  18.205742  -69.172264  -95.173439  -1.166992  1651211136.000000  49
1.420845  2.745890  18.160236  -69.172264  -94.173439  -0.166992  1651211136.000000  49
1.442400  2.772235  18.136286  -69.172264  -94.173439  -1.166992  1651211136.000000  49
1.473536  2.800975  18.148260  -71.172264  -93.173439  1.833008  1651211136.000000  49
1.511856  2.762655  18.236876  -70.172264  -93.173439  1.833008  1651211136.000000  49
1.437611  2.767445  18.141075  -68.172264  -96.173439  1.833008  1651211136.000000  49
1.483116  2.755470  18.133890  -69.172264  -92.173439  1.833008  1651211136.000000  49
1.480721  2.750680  18.150656  -70.172264  -95.173439  1.833008  1651211136.000000  49
1.490301  2.791395  18.145866  -69.172264  -96.173439  -0.166992  1651211136.000000  49
1.428030  2.757865  18.117125  -71.172264  -93.173439  -0.166992  1651211136.000000  49
1.430425  2.786605  18.090780  -67.172264  -93.173439  -0.166992  1651211136.000000  49
1.459166  2.741100  18.097965  -69.172264  -93.173439  -0.166992  1651211136.000000  49
1.423240  2.793790  18.145866  -67.172264  -94.173439  0.833008  1651211136.000000  49
1.449586  2.753075  18.129101  -69.172264  -95.173439  -1.166992  1651211136.000000  49
1.428030  2.781815  18.085991  -68.172264  -94.173439  1.833008  1651211136.000000  49
1.468746  2.777025  18.088385  -69.172264  -96.173439  1.833008  1651211136.000000  49
1.473536  2.760260  18.138680  -69.172264  -94.173439  -0.166992  1651211136.000000  49
1.459166  2.755470  18.188976  -68.172264  -93.173439  4.833008  1651211136.000000  49
1.466351  2.769840  18.095570  -69.172264  -96.173439  0.833008  1651211136.000000  49
1.447191  2.769840  18.162630  -68.172264  -95.173439  1.833008  1651211136.000000  49
1.430425  2.781815  18.157841  -68.172264  -94.173439  0.833008  1651211136.000000  49
1.461561  2.760260  18.112335  -69.172264  -93.173439  -0.166992  1651211136.000000  49
1.492696  2.781815  18.165026  -67.172264  -93.173439  1.833008  1651211136.000000  49
1.483116  2.777025  18.160236  -67.172264  -96.173439  -2.166992  1651211136.000000  49
1.473536  2.743495  18.198555  -70.172264  -95.173439  -0.166992  1651211136.000000  49
1.449586  2.741100  18.121916  -69.172264  -94.173439  0.833008  1651211136.000000  49
1.459166  2.779420  18.179396  -69.172264  -94.173439  2.833008  1651211136.000000  49
1.483116  2.760260  18.165026  -69.172264  -94.173439  0.833008  1651211136.000000  49
1.480721  2.784210  18.196161  -69.172264  -97.173439  2.833008  1651211136.000000  49
1.449586  2.757865  18.162630  -69.172264  -95.173439  1.833008  1651211136.000000  49
1.492696  2.757865  18.133890  -67.172264  -95.173439  1.833008  1651211136.000000  49
1.463956  2.779420  18.107546  -69.172264  -95.173439  -0.166992  1651211136.000000  49
1.487906  2.750680  18.145866  -68.172264  -93.173439  0.833008  1651211136.000000  49
1.468746  2.789000  18.167421  -70.172264  -94.173439  0.833008  1651211136.000000  49
1.466351  2.760260  18.153051  -66.172264  -94.173439  0.833008  1651211136.000000  49
1.475931  2.748285  18.155445  -70.172264  -94.173439  -0.166992  1651211136.000000  49
1.473536  2.781815  18.196161  -70.172264  -94.173439  -1.166992  1651211136.000000  49
1.466351  2.765050  18.124310  -70.172264  -94.173439  1.833008  1651211136.000000  49
1.442400  2.786605  18.129101  -71.172264  -94.173439  2.833008  1651211136.000000  49
1.447191  2.789000  18.174606  -68.172264  -93.173439  1.833008  1651211136.000000  49
1.490301  2.779420  18.150656  -70.172264  -94.173439  -0.166992  1651211136.000000  49
1.459166  2.779420  18.145866  -69.172264  -94.173439  0.833008  1651211136.000000  49
1.487906  2.767445  18.157841  -68.172264  -95.173439  0.833008  1651211136.000000  49
1.444795  2.781815  18.157841  -69.172264  -95.173439  -0.166992  1651211136.000000  49
1.466351  2.774630  18.093176  -68.172264  -95.173439  -0.166992  1651211136.000000  49
1.461561  2.774630  18.131495  -71.172264  -94.173439  0.833008  1651211136.000000  49
1.468746  2.769840  18.145866  -68.172264  -93.173439  0.833008  1651211136.000000  49
1.485511  2.767445  18.093176  -70.172264  -93.173439  -0.166992  1651211136.000000  49
1.428030  2.738705  18.100361  -67.172264  -95.173439  3.833008  1651211136.000000  49
1.437611  2.741100  18.172211  -69.172264  -91.173439  0.833008  1651211136.000000  49
1.440006  2.745890  18.066830  -70.172264  -93.173439  1.833008  1651211136.000000  49
1.490301  2.767445  18.141075  -70.172264  -92.173439  0.833008  1651211136.000000  49
1.437611  2.793790  18.112335  -70.172264  -95.173439  0.833008  1651211136.000000  49
1.466351  2.765050  18.114731  -68.172264  -93.173439  1.833008  1651211136.000000  49
1.454376  2.762655  18.143471  -66.172264  -94.173439  0.833008  1651211136.000000  49
1.437611  2.777025  18.112335  -72.172264  -94.173439  -0.166992  1651211136.000000  49
1.449586  2.805765  18.150656  -69.172264  -93.173439  0.833008  1651211136.000000  49
1.442400  2.760260  18.153051  -69.172264  -93.173439  0.833008  1651211136.000000  49
1.459166  2.750680  18.179396  -69.172264  -95.173439  -0.166992  1651211136.000000  49
1.497486  2.769840  18.109940  -67.172264  -95.173439  -1.166992  1651211136.000000  49
1.497486  2.743495  18.109940  -67.172264  -95.173439  2.833008  1651211136.000000  49
1.451981  2.760260  18.133890  -69.172264  -94.173439  -0.166992  1651211136.000000  49
1.435215  2.786605  18.126705  -68.172264  -95.173439  1.833008  1651211136.000000  49
1.478326  2.774630  18.174606  -67.172264  -93.173439  2.833008  1651211136.000000  49
1.487906  2.757865  18.153051  -70.172264  -93.173439  1.833008  1651211136.000000  49
1.456771  2.767445  18.121916  -68.172264  -94.173439  0.833008  1651211136.000000  49
1.483116  2.777025  18.119520  -72.172264  -95.173439  1.833008  1651211136.000000  49
1.440006  2.755470  18.145866  -67.172264  -95.173439  -0.166992  1651211136.000000  49
1.437611  2.757865  18.121916  -69.172264  -94.173439  -1.166992  1651211136.000000  49
1.437611  2.765050  18.153051  -69.172264  -92.173439  0.833008  1651211136.000000  49
1.468746  2.765050  18.129101  -69.172264  -94.173439  1.833008  1651211136.000000  49
1.468746  2.755470  18.150656  -68.172264  -94.173439  -1.166992  1651211136.000000  49
1.463956  2.765050  18.165026  -70.172264  -95.173439  0.833008  1651211136.000000  49
1.437611  2.772235  18.085991  -69.172264  -94.173439  0.833008  1651211136.000000  49
1.492696  2.779420  18.129101  -66.172264  -93.173439  -0.166992  1651211136.000000  49
1.485511  2.769840  18.124310  -69.172264  -93.173439  -0.166992  1651211136.000000  49
1.459166  2.781815  18.165026  -70.172264  -95.173439  0.833008  1651211136.000000  49
1.487906  2.800975  18.165026  -67.172264  -93.173439  2.833008  1651211136.000000  49
1.490301  2.789000  18.138680  -69.172264  -94.173439  2.833008  1651211136.000000  49
1.497486  2.777025  18.174606  -69.172264  -94.173439  -0.166992  1651211136.000000  49
1.451981  2.810555  18.174606  -70.172264  -94.173439  0.833008  1651211136.000000  49
1.432820  2.757865  18.165026  -69.172264  -92.173439  1.833008  1651211136.000000  49
1.468746  2.760260  18.155445  -68.172264  -95.173439  0.833008  1651211136.000000  49
1.466351  2.769840  18.095570  -71.172264  -95.173439  -0.166992  1651211136.000000  49
1.456771  2.784210  18.102755  -68.172264  -95.173439  -0.166992  1651211136.000000  49
1.492696  2.760260  18.157841  -67.172264  -94.173439  1.833008  1651211136.000000  49
1.459166  2.789000  18.126705  -70.172264  -93.173439  0.833008  1651211136.000000  49
1.468746  2.805765  18.167421  -69.172264  -94.173439  -0.166992  1651211136.000000  49
1.485511  2.796185  18.177000  -69.172264  -93.173439  1.833008  1651211136.000000  49
1.478326  2.774630  18.112335  -70.172264  -96.173439  0.833008  1651211136.000000  49
1.451981  2.760260  18.153051  -70.172264  -93.173439  1.833008  1651211136.000000  49
1.459166  2.745890  18.198555  -67.172264  -93.173439  1.833008  1651211136.000000  49
1.495091  2.748285  18.136286  -69.172264  -93.173439  1.833008  1651211136.000000  49
1.475931  2.753075  18.148260  -69.172264  -92.173439  -1.166992  1651211136.000000  49
1.463956  2.779420  18.179396  -68.172264  -93.173439  1.833008  1651211136.000000  49
1.468746  2.772235  18.129101  -67.172264  -94.173439  1.833008  1651211136.000000  49
1.492696  2.750680  18.160236  -69.172264  -94.173439  1.833008  1651211136.000000  49
1.459166  2.741100  18.177000  -68.172264  -93.173439  2.833008  1651211136.000000  49
1.480721  2.765050  18.157841  -71.172264  -94.173439  2.833008  1651211136.000000  49
1.487906  2.800975  18.148260  -71.172264  -94.173439  0.833008  1651211136.000000  49
1.451981  2.774630  18.121916  -68.172264  -92.173439  2.833008  1651211136.000000  49
1.468746  2.767445  18.117125  -69.172264  -94.173439  2.833008  1651211136.000000  49
1.463956  2.800975  18.121916  -68.172264  -93.173439  0.833008  1651211136.000000  49
1.475931  2.784210  18.097965  -69.172264  -93.173439  -0.166992  1651211136.000000  49
1.449586  2.774630  18.107546  -68.172264  -92.173439  1.833008  1651211136.000000  49
1.435215  2.772235  18.136286  -68.172264  -93.173439  0.833008  1651211136.000000  49
1.492696  2.719545  18.162630  -69.172264  -95.173439  2.833008  1651211136.000000  49
1.442400  2.779420  18.117125  -68.172264  -95.173439  2.833008  1651211136.000000  49
1.471141  2.753075  18.145866  -69.172264  -94.173439  0.833008  1651211136.000000  49
1.473536  2.774630  18.138680  -68.172264  -94.173439  -0.166992  1651211136.000000  49
1.478326  2.781815  18.155445  -68.172264  -93.173439  2.833008  1651211136.000000  49
1.475931  2.741100  18.179396  -67.172264  -95.173439  1.833008  1651211136.000000  49
1.461561  2.791395  18.165026  -69.172264  -95.173439  0.833008  1651211136.000000  49
1.461561  2.769840  18.153051  -67.172264  -93.173439  0.833008  1651211136.000000  49
1.444795  2.777025  18.196161  -69.172264  -93.173439  -2.166992  1651211136.000000  49
1.478326  2.789000  18.121916  -68.172264  -94.173439  1.833008  1651211136.000000  49
1.473536  2.757865  18.174606  -69.172264  -94.173439  -0.166992  1651211136.000000  49
1.471141  2.769840  18.121916  -68.172264  -92.173439  -0.166992  1651211136.000000  49
1.461561  2.743495  18.097965  -68.172264  -96.173439  0.833008  1651211136.000000  49
1.468746  2.781815  18.203346  -68.172264  -95.173439  2.833008  1651211136.000000  49
1.485511  2.750680  18.105150  -68.172264  -94.173439  1.833008  1651211136.000000  49
1.413660  2.777025  18.165026  -69.172264  -92.173439  2.833008  1651211136.000000  49
1.471141  2.803370  18.191370  -68.172264  -93.173439  0.833008  1651211136.000000  49
1.483116  2.767445  18.141075  -68.172264  -96.173439  -0.166992  1651211136.000000  49
1.487906  2.741100  18.117125  -69.172264  -95.173439  1.833008  1651211136.000000  49
1.471141  2.738705  18.126705  -67.172264  -94.173439  1.833008  1651211136.000000  49
1.466351  2.784210  18.232086  -68.172264  -93.173439  -2.166992  1651211136.000000  49
1.428030  2.753075  18.157841  -68.172264  -93.173439  0.833008  1651211136.000000  49
1.447191  2.760260  18.160236  -69.172264  -93.173439  -255.166992  1651211136.000000  49
1.442400  2.765050  18.138680  -69.172264  -96.173439  0.833008  1651211136.000000  49
1.478326  2.748285  18.133890  -69.172264  -94.173439  2.833008  1651211136.000000  49
1.516646  2.817740  18.150656  -68.172264  -93.173439  0.833008  1651211136.000000  49
1.473536  2.800975  18.186581  -69.172264  -93.173439  0.833008  1651211136.000000  49
1.502276  2.789000  18.145866  -69.172264  -92.173439  0.833008  1651211136.000000  49
1.456771  2.784210  18.145866  -68.172264  -94.173439  -1.166992  1651211136.000000  49
1.463956  2.738705  18.102755  -67.172264  -96.173439  0.833008  1651211136.000000  49
1.475931  2.800975  18.162630  -68.172264  -93.173439  1.833008  1651211136.000000  49
1.440006  2.772235  18.167421  -68.172264  -94.173439  -0.166992  1651211136.000000  49
1.466351  2.755470  18.097965  -68.172264  -93.173439  -1.166992  1651211136.000000  49
1.521436  2.798580  18.143471  -69.172264  -96.173439  -3.166992  1651211136.000000  49
1.459166  2.803370  18.174606  -72.172264  -94.173439  -0.166992  1651211136.000000  49
1.521436  2.745890  18.215321  -69.172264  -95.173439  -0.166992  1651211136.000000  49
1.495091  2.772235  18.224901  -69.172264  -94.173439  1.833008  1651211136.000000  49
1.507066  2.769840  18.155445  -69.172264  -94.173439  -0.166992  1651211136.000000  49
1.463956  2.721940  18.109940  -71.172264  -94.173439  0.833008  1651211136.000000  49
1.480721  2.774630  18.141075  -67.172264  -94.173439  -0.166992  1651211136.000000  49
Acc X | Acc Y | Acc Z | Mag X | Mag Y | Mag Z | Timestamp | Delta T
Acc X | Acc Y | Acc Z | Mag X | Mag Y | Mag Z | Timestamp | Delta T
